x1 = [0, 1, 2, 3, 4, 5];
y1 = x1 .^ 2;
y2 = [0, 1, 4, 9, 16, 25, 36];

